UniqueID	3300017993	3300017994	3300017930	3300017936	3300017927	3300017822	3300017821	3300017937	3300018001	3300018006	3300017823	3300017995	3300017932	3300017926	3300017928	3300017942	3300018007	3300017924	3300017934	3300017933	3300017943	3300018012	3300017955
GroupID	Timberlake_Field	Timberlake_Field	Timberlake_Field	Timberlake_Field	Timberlake_Field	Timberlake_Lab	Timberlake_Lab	Timberlake_Lab	Timberlake_Lab	Timberlake_Lab	Timberlake_Lab	Timberlake_Lab	Timberlake_Lab	Timberlake_Lab	Timberlake_Lab	Timberlake_Lab	Timberlake_Lab	Timberlake_Lab	Timberlake_Lab	Timberlake_Lab	Timberlake_Lab	Timberlake_Lab	Timberlake_Lab
A	558	565	557	626	505	546	381	624	708	662	638	697	535	469	506	756	732	439	515	585	1007	476	1325
B	294	315	310	344	271	207	217	318	365	317	321	272	291	252	241	371	344	223	319	277	429	278	576
C	34828	34537	36284	41415	32132	30713	22421	38822	41571	41976	42025	40863	32197	25430	27973	42726	44700	27253	34357	36794	59529	38521	77378
D	2944	2973	3266	3656	2974	2578	1926	3387	3375	3688	3734	3417	2704	2216	2477	3631	3796	2193	3163	3105	5241	3592	6937
E	35567	35405	36173	42057	33260	28054	20560	38954	38571	38955	38972	37133	29956	23865	26325	39690	42303	25465	31818	33693	54058	35650	71948
F	8979	8833	9551	11163	8648	7244	5695	9610	10182	10621	10326	9810	7626	5911	6781	10353	10966	6564	8940	8923	14212	10248	18904
G	23936	23812	25428	29022	22695	23901	17686	30477	28023	31059	31106	30243	24750	19760	21106	34185	33961	20765	25275	27002	44048	32202	58770
H	21762	21734	22940	26211	20685	16852	12981	23153	24108	24189	24306	22871	18323	14352	15909	23962	25930	15293	20420	20762	33470	22422	44615
I	18976	18495	19199	22145	16833	15874	12189	21699	22353	21438	21033	20948	18275	15203	15846	23836	24506	14832	16643	18942	30890	18038	40547
J	32373	31943	34649	40282	31558	23859	19938	32769	35921	35680	35916	33370	24960	18742	21894	34100	36635	22141	32082	29877	47904	34681	63041
K	17264	17235	18511	21452	16723	16919	12383	21935	20530	21988	22256	21464	18154	14633	15817	24188	24149	14555	18596	19104	32216	20916	42477
L	26528	26642	27396	30849	24171	29823	20426	30840	34408	39066	39729	38208	31647	24051	27068	39770	39160	23527	31826	34534	57340	33567	74311
M	24575	24500	28160	32241	24976	22749	12808	24854	25438	31261	30582	30240	19253	14232	17098	26852	31871	17325	25250	26321	44099	29545	57453
N	3345	3377	3854	4546	3631	3304	1812	4299	3447	4358	4401	4566	2218	1323	1901	3322	4544	2482	3263	3507	6140	5364	8475
O	15300	15761	16984	19471	15099	13703	9535	16266	17417	18629	18473	18171	13327	9900	11499	17811	19613	11507	15614	16094	25878	17073	33889
P	15701	16248	16616	19097	14726	12640	9066	17560	17080	17065	16559	16347	13212	10115	11304	17289	18214	11153	13719	14516	23739	15440	30990
Q	6950	6907	6836	7845	6093	6437	4096	7729	8138	7558	7348	7896	6564	5661	5852	8967	9542	5679	5309	6778	11488	6317	14931
R	28483	29183	30386	34733	26695	26759	16944	31595	32135	35127	34642	33927	26470	20334	22538	34725	36892	21849	28091	30371	50679	30393	66753
S	37179	38857	38937	44686	34638	34377	23154	41154	43559	44074	43601	43280	34446	26375	29111	44771	47931	28064	36284	38235	63880	38943	83458
T	12362	12449	12864	15096	11725	12388	7136	14340	13308	15580	15123	15669	11798	8764	10018	15445	16085	9835	11127	13622	23174	13778	30703
U	8150	8181	9600	10940	8668	7607	4014	8276	8320	10656	10560	10286	6061	4191	5522	8573	10585	5823	8494	8955	14495	10700	19141
V	2464	2474	2622	3030	2389	2300	1585	2979	2860	3039	2911	2923	2397	2059	2175	3327	3448	1946	2370	2562	4388	2850	5797
W	1	4	2	6	2	3	0	9	4	0	1	4	2	1	1	1	1	0	0	1	2	2	1
Y	0	0	0	0	0	0	0	0	0	1	0	0	0	0	1	3	0	0	0	0	0	0	0
Z	107	83	86	133	86	36	118	115	136	85	86	55	92	64	76	157	112	57	93	47	122	160	172
