UniqueID	3300017993	3300017994	3300017930	3300017936	3300017927	3300017822	3300017821	3300017937	3300018001	3300018006	3300017823	3300017995	3300017932	3300017926	3300017928	3300017942	3300018007	3300017924	3300017934	3300017933	3300017943	3300018012	3300017955
GroupID	Timberlake_Field	Timberlake_Field	Timberlake_Field	Timberlake_Field	Timberlake_Field	Timberlake_Lab	Timberlake_Lab	Timberlake_Lab	Timberlake_Lab	Timberlake_Lab	Timberlake_Lab	Timberlake_Lab	Timberlake_Lab	Timberlake_Lab	Timberlake_Lab	Timberlake_Lab	Timberlake_Lab	Timberlake_Lab	Timberlake_Lab	Timberlake_Lab	Timberlake_Lab	Timberlake_Lab	Timberlake_Lab
M00001	4700	4696	4898	5575	4347	4053	3286	5306	5479	5758	5779	5492	4573	3408	3929	5980	6084	3686	4819	4943	7667	5794	10466
M00002	2626	2603	2679	3094	2374	2027	1882	3004	3083	2985	3017	2821	2507	1959	2174	3265	3295	2034	2560	2573	3969	3095	5467
M00003	3389	3407	3469	3919	3081	2752	2404	3945	3931	3839	3909	3736	3393	2759	2940	4385	4255	2699	3297	3456	5329	3893	7256
M00004	3909	3949	4121	4649	3635	3743	2692	4586	4603	5005	4808	4868	3861	3186	3585	5347	5249	3197	3881	4300	6737	4789	9175
M00005	447	489	469	525	427	382	285	452	527	477	470	485	409	389	383	571	600	343	424	459	703	448	904
M00006	1286	1325	1366	1555	1208	1264	914	1675	1456	1626	1525	1613	1421	1253	1271	1965	1787	1180	1137	1407	2152	1534	2998
M00007	2210	2262	2369	2627	2064	2153	1493	2444	2693	2945	2872	2856	2076	1647	1983	2911	2988	1727	2449	2515	4041	2837	5398
M00008	1034	1012	1078	1228	969	1080	733	1380	1223	1435	1355	1422	1186	1075	1084	1687	1542	991	1000	1249	1897	1332	2654
M00009	8367	8388	8734	10111	8041	6263	4856	8605	8895	9366	8950	8626	6732	5279	6010	8884	9431	6088	8143	7859	11711	8531	16005
M00010	1987	2036	2210	2517	1989	1546	1204	2028	2189	2303	2185	2082	1620	1278	1440	2129	2313	1518	1953	1894	2862	2060	3814
M00011	6380	6352	6524	7594	6052	4717	3652	6577	6706	7063	6765	6544	5112	4001	4570	6755	7118	4570	6190	5965	8849	6471	12191
M00012	2228	2327	2350	2753	2187	1848	1388	2406	2542	2702	2525	2440	1983	1578	1793	2597	2707	1765	2159	2216	3367	2321	4506
M00013	782	804	883	921	721	763	455	851	837	1077	1060	1041	698	554	616	964	1032	679	888	959	1407	939	1831
M00014	1134	1189	1311	1337	1094	1293	985	1404	1487	1804	1819	1754	1339	988	1146	1832	1836	1038	1605	1562	2654	1867	3443
M00015	678	602	666	797	650	402	302	722	624	673	642	594	460	455	405	638	712	509	496	542	904	578	1220
M00016	3069	3184	3290	3773	3080	2215	1754	3227	3191	3250	3275	3025	2439	1978	2061	3270	3545	2109	2644	2737	4382	3161	5924
M00017	4503	4450	4555	5199	4116	3634	2311	4544	4128	4709	4614	4588	3548	3071	3305	4678	5241	3209	3457	4135	6400	4374	8637
M00018	2180	2124	2376	2682	2179	1714	1251	2100	2120	2470	2559	2278	1669	1308	1474	2320	2607	1498	2146	2094	3300	2399	4443
M00019	3774	3755	3799	4273	3431	2800	1959	3599	3551	3781	3795	3698	2868	2494	2710	3712	4218	2638	3109	3350	5313	3301	6817
M00020	1081	1136	1118	1338	1045	744	598	1125	1119	1041	1029	964	817	671	736	1067	1115	730	855	887	1379	945	1899
M00021	585	577	628	745	591	595	351	576	686	809	816	722	489	294	394	635	725	359	761	663	1111	804	1392
M00022	2112	2183	2333	2655	2045	1625	1263	2349	2176	2381	2372	2326	1686	1413	1559	2320	2580	1520	1883	2051	3197	2303	4370
M00023	2080	2042	2173	2442	1942	1375	1258	2152	2228	2167	2224	2028	1606	1375	1455	2320	2377	1423	1919	1873	3134	2322	4035
M00024	396	414	491	542	425	294	234	426	378	488	463	452	315	287	290	388	499	269	428	408	658	503	822
M00025	343	365	431	504	393	261	243	397	362	433	423	421	310	278	287	391	449	255	393	371	586	486	771
M00026	2304	2370	2329	2710	2226	1755	1293	2315	2273	2341	2391	2266	1739	1433	1611	2425	2589	1561	1967	2070	3357	2426	4452
M00027	1262	1291	1210	1346	1134	1161	910	1575	1610	1654	1765	1634	1303	1086	1143	1723	1679	1062	1502	1472	2243	1527	3040
M00028	1510	1621	1803	1944	1584	1247	874	1608	1636	1846	1852	1764	1227	945	1195	1699	1934	1080	1545	1580	2503	2082	3263
M00029	1263	1244	1362	1481	1200	1061	870	1386	1455	1574	1627	1449	1214	867	1061	1563	1597	953	1306	1377	2104	1585	2783
M00030	74	71	113	108	81	117	82	75	159	215	249	190	114	37	81	142	154	60	210	165	265	163	321
M00031	176	150	176	205	180	134	274	70	484	397	365	214	181	78	136	256	266	109	425	265	344	306	497
M00032	1556	1561	1462	1661	1319	1186	946	1882	1680	1587	1509	1554	1557	1432	1394	2078	1842	1266	1217	1402	2184	1459	2969
M00033	856	823	931	1075	887	691	517	846	885	1079	1076	952	662	487	555	899	1039	588	858	853	1338	1035	1856
M00034	1392	1415	1495	1789	1425	1140	854	1242	1535	1826	1741	1502	1104	806	1007	1488	1606	897	1618	1430	2245	1690	3029
M00035	1163	1112	1150	1332	1089	846	871	1284	1459	1261	1229	1122	1093	917	979	1437	1370	873	1220	1048	1602	1334	2246
M00036	4320	4175	4271	4994	3864	3137	2485	4655	4894	4468	4361	4236	3600	2947	3180	4664	4936	3072	3544	3841	6132	3772	8194
M00037	185	182	190	220	184	169	79	230	167	218	231	213	138	105	121	197	252	144	184	192	350	205	430
M00038	1203	1155	1203	1423	1093	752	342	973	875	921	743	886	680	585	656	818	1118	641	622	799	1164	599	1590
M00039	122	109	128	129	115	113	68	134	117	144	140	158	123	125	106	160	158	110	80	122	223	110	281
M00040	207	199	250	278	238	112	56	148	151	187	172	170	92	85	83	121	196	94	159	160	235	192	315
M00042	201	208	196	238	190	171	97	271	185	213	243	217	170	121	131	211	257	165	192	204	368	195	450
M00044	572	551	526	637	522	298	243	654	529	360	382	421	380	373	362	505	518	330	168	322	536	289	720
M00045	1026	1009	1022	1242	1029	871	789	1333	1337	1362	1393	1244	1116	833	957	1469	1352	787	1214	1119	1795	1327	2503
M00046	568	552	533	643	488	543	239	614	585	661	616	660	476	352	420	634	702	432	424	571	874	558	1184
M00047	10	9	7	12	3	15	6	6	14	11	9	19	8	6	10	15	15	8	5	16	15	3	23
M00048	3772	3640	3983	4554	3620	2645	2191	3718	3936	4004	3935	3583	2805	2288	2556	3890	4190	2515	3384	3343	5164	4013	6962
M00049	1644	1660	1758	2018	1553	1269	1150	1740	1973	1962	1873	1728	1407	1099	1231	1869	1940	1258	1569	1574	2417	1900	3289
M00050	1770	1776	1863	2104	1633	1334	1150	1876	2027	2025	1946	1832	1449	1127	1322	1938	2022	1310	1732	1646	2495	1969	3415
M00051	3196	3095	3352	3912	3157	2386	1805	3113	3210	3588	3617	3338	2416	1836	2178	3296	3636	2204	3087	2959	4771	3413	6247
M00052	899	921	993	1164	911	722	611	953	1042	991	1010	942	733	564	655	1000	1080	663	951	814	1327	991	1762
M00053	2120	2050	2253	2630	2050	1553	1434	2018	2523	2423	2454	2179	1736	1400	1627	2368	2493	1495	2243	2058	3130	2489	4201
M00055	86	68	72	91	63	47	87	42	130	105	88	72	92	91	70	128	96	52	125	67	112	81	171
M00056	0	0	1	1	0	0	1	0	0	0	0	0	1	0	0	0	0	0	1	0	0	1	0
M00057	0	0	0	0	0	0	0	0	1	0	0	0	0	0	0	0	1	0	0	0	0	0	1
M00059	0	0	0	3	0	0	0	3	0	3	1	1	1	0	1	1	0	1	3	2	2	1	4
M00060	1713	1626	2017	2314	1816	1356	618	1344	1458	2099	2137	2023	960	626	929	1439	1921	961	1714	1713	2776	2036	3598
M00061	339	377	429	486	404	540	316	677	497	725	782	733	385	315	383	732	734	361	650	595	1019	845	1415
M00063	601	666	834	872	711	529	224	476	476	800	794	744	317	210	312	506	731	387	639	696	1037	765	1337
M00064	659	658	729	794	626	564	420	586	742	832	799	772	552	402	424	709	862	448	700	643	1179	848	1551
M00065	2	1	4	4	4	5	1	2	3	6	12	6	1	0	4	6	8	8	4	3	7	13	10
M00066	223	218	302	321	254	346	123	222	263	491	454	459	209	104	211	325	423	197	350	412	629	444	779
M00068	1	0	0	0	0	0	0	0	0	0	0	0	0	0	0	0	0	0	0	0	0	0	0
M00071	0	0	0	0	0	0	1	0	0	0	0	0	0	0	0	0	0	0	0	0	0	0	0
M00072	58	46	50	46	46	35	85	35	175	126	122	65	87	28	49	102	74	31	167	79	90	164	151
M00073	2	5	8	5	2	1	5	9	8	2	1	3	0	1	2	8	2	1	4	6	3	4	0
M00074	2	5	8	5	3	1	3	9	8	3	1	3	0	1	5	7	4	1	6	7	6	5	5
M00075	1	1	2	2	0	0	4	3	1	1	1	6	0	4	0	4	2	0	2	1	5	2	8
M00076	68	77	56	72	54	85	35	89	56	111	110	120	65	45	61	106	116	85	125	100	168	120	200
M00077	67	74	56	70	54	85	35	90	56	111	110	116	64	45	60	104	118	85	122	98	166	119	197
M00078	96	107	84	109	92	98	45	107	81	119	117	134	74	49	68	140	148	101	122	111	193	176	236
M00079	137	134	171	210	164	147	92	185	150	198	168	211	143	94	116	211	213	108	167	168	274	245	328
M00081	24	31	30	34	30	39	38	39	24	48	42	50	31	29	27	80	58	40	51	35	46	80	78
M00082	2007	1981	2191	2418	1913	1593	1041	2290	1950	2217	2141	2106	1692	1404	1520	2189	2363	1457	1653	1918	2948	2043	3853
M00083	3877	3833	3854	4360	3476	2907	1771	4155	3751	3791	3679	3845	2870	2439	2470	3934	4344	2741	2825	3307	5527	3230	7281
M00085	50	46	65	70	50	51	11	30	41	71	84	76	29	18	28	42	56	35	57	73	106	60	113
M00086	1859	1921	1926	2227	1684	2064	1415	2262	2354	2605	2456	2514	2181	1904	1958	2938	2895	1731	1777	2332	3534	1978	4747
M00087	3191	3045	3087	3689	2710	2496	1767	3403	3553	3279	3181	3297	2860	2372	2479	3602	3828	2419	2362	3011	4738	2518	6076
M00088	1973	1912	1845	2129	1616	1408	1374	2058	2533	2127	2088	1941	1757	1426	1515	2286	2295	1532	1819	1852	2817	1591	3764
M00089	376	361	410	491	336	289	238	378	370	415	401	359	329	263	286	406	446	271	308	311	541	393	732
M00090	1	0	1	1	1	0	0	1	1	1	0	0	0	0	0	0	0	2	2	0	0	2	0
M00091	117	123	113	119	79	70	22	85	94	83	80	87	49	27	37	55	110	46	53	66	115	31	144
M00092	1	0	2	1	1	0	1	2	1	1	0	0	1	0	1	0	0	2	3	0	0	4	1
M00093	571	553	640	712	612	457	262	549	583	683	662	631	375	280	355	534	695	364	511	596	908	638	1168
M00094	17	9	23	20	14	1	4	9	8	6	3	2	2	3	2	7	9	6	4	2	6	11	6
M00095	1667	1626	1541	1789	1379	1176	1444	1751	2446	1909	1900	1694	1681	1341	1392	2163	2020	1329	1754	1601	2451	1547	3345
M00096	1884	1923	2108	2369	1843	1352	1108	2148	1945	1894	1878	1797	1505	1275	1419	2060	2162	1351	1539	1675	2517	1936	3507
M00097	337	327	365	439	344	345	164	377	315	465	487	433	267	192	268	375	454	231	387	444	640	459	867
M00098	74	71	63	61	55	84	45	80	68	78	77	94	92	78	70	118	109	74	47	74	115	70	175
M00099	17	14	25	25	15	2	4	16	14	8	3	4	4	4	4	10	9	8	7	3	9	11	11
M00100	0	2	2	3	1	1	2	1	1	2	3	2	1	0	0	3	1	1	2	0	2	2	4
M00101	40	34	36	34	27	14	27	16	30	20	16	16	23	14	13	34	25	16	26	14	28	13	37
M00102	44	35	35	34	29	16	30	17	33	22	19	19	25	14	13	40	26	17	27	16	30	15	43
M00104	130	113	95	129	74	83	78	152	148	102	104	100	136	142	101	163	167	99	48	100	164	76	206
M00106	0	0	0	0	0	0	0	0	0	1	0	0	0	0	0	0	0	0	0	0	0	0	1
M00112	13	18	32	27	19	18	7	9	8	27	28	23	20	8	17	23	23	8	19	26	42	29	48
M00113	12	11	2	5	4	3	5	33	4	3	1	2	5	8	6	12	6	6	5	2	2	1	8
M00114	263	267	260	286	211	268	243	334	421	389	406	352	307	282	275	384	404	218	336	320	535	381	684
M00115	1509	1459	1634	1807	1444	1145	884	1491	1530	1762	1715	1540	1133	928	1092	1588	1784	999	1450	1503	2273	1704	3141
M00116	808	854	687	909	648	674	908	1246	1294	1013	1020	858	1063	1042	1002	1452	1246	787	894	860	1497	907	2015
M00117	1678	1817	1851	2129	1672	1061	658	1414	1584	1626	1566	1420	974	676	840	1265	1722	957	1413	1340	2072	1384	2847
M00118	295	282	291	331	277	133	69	275	270	176	180	163	157	147	138	177	239	157	100	173	252	118	320
M00119	1515	1569	1627	1808	1436	1193	863	1573	1652	1723	1708	1651	1200	997	1098	1600	1847	1031	1388	1580	2323	1528	3153
M00120	1002	1002	1058	1201	933	738	562	1037	990	1086	1060	981	768	611	698	1046	1146	666	840	869	1417	1043	1839
M00121	3716	3633	4199	4683	3656	3162	2367	3934	4161	4746	4912	4413	3310	2604	2935	4501	4838	2852	4255	4037	6546	4636	8700
M00122	706	710	666	745	537	537	496	854	993	697	771	716	722	718	654	1001	948	596	601	650	1164	609	1484
M00123	693	629	650	771	644	384	257	571	555	516	463	436	292	279	279	422	637	365	403	453	589	485	881
M00124	633	629	585	693	577	319	217	591	535	379	361	398	327	311	306	431	486	347	269	331	552	334	755
M00125	1335	1337	1411	1597	1227	966	747	1371	1340	1523	1416	1426	1020	815	978	1410	1558	897	1133	1277	2016	1504	2623
M00126	1429	1464	1488	1704	1379	986	786	1501	1426	1394	1350	1320	1098	943	988	1529	1593	978	1086	1235	1881	1263	2592
M00127	1377	1421	1658	1812	1504	1178	820	1324	1511	1817	1817	1653	1195	863	1038	1580	1824	985	1493	1576	2501	1728	3195
M00128	34	34	49	49	47	9	6	17	33	16	20	17	4	4	6	9	13	12	15	9	18	13	28
M00129	1243	1265	1364	1498	1154	1198	689	1234	1256	1550	1475	1511	1113	776	921	1417	1601	999	1182	1309	2306	1456	2810
M00130	1	1	1	0	0	0	0	0	2	0	1	0	0	1	2	1	0	0	6	0	0	3	1
M00131	374	400	411	476	372	312	172	398	386	426	431	361	278	214	231	350	414	247	345	319	546	355	780
M00133	904	950	979	1164	907	777	466	779	823	1114	1013	991	717	546	669	922	918	596	867	904	1420	966	1898
M00134	343	335	322	410	298	315	185	337	387	435	451	401	310	224	284	399	446	275	333	365	565	384	783
M00135	1148	1166	1173	1370	1087	1028	673	1503	1377	1289	1216	1278	1162	933	996	1543	1590	961	989	1177	1827	1104	2537
M00136	82	90	80	100	90	30	25	90	86	58	52	61	18	27	25	38	56	43	44	50	61	41	100
M00137	40	46	44	40	39	75	13	62	30	93	78	101	55	41	36	60	75	49	37	77	124	48	161
M00138	0	0	1	0	0	0	0	0	0	1	0	0	0	0	0	1	1	0	0	0	0	0	2
M00140	914	917	915	1142	916	621	616	970	1149	1022	964	896	770	552	698	977	1073	631	945	826	1257	1002	1806
M00141	410	419	428	552	451	311	332	419	586	558	504	447	373	263	347	488	491	299	491	419	640	535	903
M00142	1	12	1	2	2	0	6	38	6	2	2	1	8	10	24	11	6	13	7	0	2	17	1
M00143	19	12	20	21	14	5	14	28	17	8	9	7	10	6	10	18	13	9	11	15	17	16	23
M00144	5652	5624	6402	7224	5709	4747	3433	5354	5747	6923	6996	6589	4296	3017	3886	6100	6743	4080	6553	5936	9048	6986	12188
M00145	46	46	64	53	44	39	28	34	46	42	59	53	31	17	42	38	55	24	43	42	77	55	89
M00146	4	1	3	4	2	3	1	3	6	4	12	6	4	2	4	6	3	1	18	3	12	4	12
M00148	0	0	0	1	0	0	0	1	0	0	0	0	0	0	1	0	0	0	1	0	0	1	0
M00149	1296	1311	1386	1567	1251	872	674	1195	1316	1400	1323	1282	897	629	780	1169	1311	869	1340	1201	1665	1310	2312
M00150	288	316	316	402	291	159	75	182	204	207	233	218	115	70	106	140	225	114	174	184	301	159	391
M00151	721	723	680	780	572	498	410	894	768	711	598	676	556	462	518	744	769	595	491	587	915	570	1282
M00152	390	385	438	515	369	278	190	360	433	440	376	380	216	129	219	311	378	254	346	335	519	354	737
M00153	532	617	523	578	472	614	462	866	733	669	702	762	653	607	644	927	971	573	537	665	1003	752	1317
M00154	254	272	285	336	292	182	138	286	298	241	268	235	188	154	165	263	272	150	185	211	346	208	426
M00155	2325	2345	2631	3021	2381	2254	1104	2333	2182	3021	2820	2986	1796	1226	1602	2346	2897	1766	2143	2667	4054	2774	5217
M00156	464	439	500	632	450	352	111	347	305	403	359	414	195	105	151	258	440	264	254	371	511	344	734
M00157	2486	2531	2738	3132	2500	2127	1142	2583	2360	2740	2712	2736	1817	1334	1722	2343	2810	1804	1997	2402	3648	2495	4845
M00158	13	7	6	8	9	3	1	11	3	0	2	0	4	4	9	5	5	2	5	1	1	9	3
M00159	366	355	369	397	318	358	825	360	1224	757	847	551	762	567	617	972	692	370	912	614	938	912	1343
M00160	2	0	1	1	0	0	0	2	1	1	1	2	1	2	0	0	0	0	10	0	1	4	2
M00162	160	144	247	271	200	260	132	83	195	459	471	390	188	93	151	249	319	119	453	353	589	410	722
M00163	2	0	4	3	2	0	0	1	1	6	5	2	0	0	0	2	3	1	1	2	10	4	8
M00165	2760	2800	2757	3150	2498	2571	2038	3314	3481	3374	3377	3369	3041	2514	2702	3964	3723	2331	2700	3064	4789	3369	6427
M00166	955	927	872	1068	842	831	816	1134	1338	1123	1188	1130	1163	950	980	1411	1322	815	921	1049	1658	1219	2171
M00167	1805	1873	1885	2082	1656	1740	1222	2180	2143	2251	2189	2239	1878	1564	1722	2553	2401	1516	1779	2015	3131	2150	4256
M00168	651	628	572	676	598	397	291	673	548	579	517	534	435	384	399	642	645	484	481	480	697	568	961
M00169	1070	1105	1141	1260	1024	993	600	1047	1013	1345	1296	1294	888	607	768	1135	1310	807	1097	1174	1722	1164	2369
M00170	536	496	466	506	471	328	219	555	402	409	406	414	334	269	292	464	486	377	347	372	560	379	738
M00171	991	993	982	1077	927	758	587	1094	904	1030	1005	992	805	660	709	1091	1133	821	881	889	1315	1010	1835
M00172	1367	1396	1389	1519	1290	1171	738	1406	1252	1554	1499	1513	1099	817	961	1466	1616	1069	1271	1358	1984	1385	2733
M00173	8289	8246	8647	9998	7938	6507	5174	8407	8947	9752	9493	8946	6824	5026	5974	8951	9483	6086	8786	8267	12286	9374	16677
M00174	56	39	60	61	48	41	9	26	61	46	48	49	29	20	21	23	46	33	21	44	69	23	75
M00175	29	38	44	33	30	45	114	90	45	58	91	85	85	55	83	77	44	57	101	78	84	254	132
M00176	1416	1443	1514	1734	1398	1155	860	1545	1404	1493	1371	1400	1110	944	1018	1534	1809	1063	1146	1272	1934	1439	2740
M00307	4034	4029	3920	4575	3527	3769	2929	4700	5053	5218	5184	5029	4267	3654	3885	5530	5478	3410	4221	4606	7156	4797	9508
M00308	1002	978	997	1178	951	899	698	1257	1236	1316	1384	1286	955	704	841	1313	1365	797	1212	1140	1772	1487	2431
M00309	83	99	91	113	75	91	106	86	196	140	209	159	113	108	91	193	124	94	198	118	194	131	386
M00338	402	379	418	496	385	324	239	388	509	548	469	459	324	267	288	428	452	278	517	439	592	457	890
M00344	163	170	157	171	151	168	168	287	224	204	201	203	267	257	224	323	236	190	160	207	281	255	432
M00345	584	589	617	661	531	609	510	703	759	850	862	837	729	505	588	946	861	502	685	730	1113	956	1526
M00346	1967	1930	1859	2217	1820	1355	1135	1920	2068	2116	2013	1883	1461	1170	1298	1999	2140	1398	1801	1730	2611	1937	3584
M00356	190	208	249	236	166	490	836	294	943	926	1239	879	670	464	509	774	520	296	1334	778	1237	943	1801
M00357	1759	1825	1794	1992	1559	1850	1915	1938	2698	2753	3155	2743	2127	1485	1719	2652	2406	1535	2802	2461	3909	2774	5222
M00358	161	197	163	205	143	110	134	180	164	134	136	134	147	135	110	189	201	100	95	127	206	131	268
M00364	360	335	366	414	351	232	333	409	558	441	441	370	318	240	285	444	414	257	412	343	530	404	766
M00365	107	105	78	98	79	77	220	166	327	150	172	118	192	161	169	251	183	104	193	103	193	166	294
M00366	213	183	225	260	208	153	185	210	298	299	296	252	171	103	149	237	242	146	271	243	352	288	510
M00367	63	53	39	60	43	32	94	62	140	60	75	51	66	46	55	77	68	37	81	47	69	79	120
M00368	440	448	433	523	433	312	301	424	554	488	460	405	388	288	340	475	479	312	453	382	564	481	793
M00371	2	0	1	0	0	0	0	0	0	1	0	1	2	0	1	1	1	0	3	0	1	0	0
M00372	4	1	2	6	5	2	0	3	1	4	0	1	2	1	0	1	2	2	0	0	3	1	2
M00373	3175	3072	2855	3350	2521	2208	1850	3234	3467	3047	3050	2867	2565	2138	2128	3352	3482	2311	2485	2708	4282	2216	5538
M00374	5182	5145	5070	5911	4611	3722	3635	5342	6285	5844	5622	5302	4451	3475	3821	5856	5907	3877	5370	4985	7407	5230	10050
M00375	2505	2472	2534	2867	2209	1939	2019	2609	3448	3120	3100	2762	2409	1897	2054	3177	3203	1998	2788	2650	4137	2503	5417
M00376	4117	4054	4494	4973	3959	3198	2157	4112	4235	4708	4631	4335	3139	2348	2803	4147	4760	2899	3957	4069	6138	4230	8040
M00377	890	893	943	1022	840	581	663	965	1025	864	928	878	814	694	711	1026	1028	670	946	784	1226	974	1779
M00378	615	666	603	735	546	562	459	656	769	929	893	819	701	585	593	870	813	562	683	780	1292	777	1614
M00415	2	1	2	1	2	1	0	0	1	4	0	1	1	1	2	2	1	3	0	2	3	0	4
M00416	2	1	0	1	1	2	1	37	4	3	3	0	0	11	9	1	4	6	7	0	4	2	2
M00417	170	167	156	215	138	194	48	250	262	172	135	197	87	45	82	137	168	138	69	150	191	130	334
M00418	116	93	152	168	94	117	80	98	266	194	217	218	97	62	86	171	172	69	133	180	381	219	370
M00419	0	0	0	1	2	0	1	1	0	3	1	0	1	1	0	0	1	0	2	1	2	1	0
M00422	30	28	26	27	28	16	62	34	30	23	49	37	82	59	53	94	7	22	62	23	38	160	88
M00432	2105	2019	2240	2464	1911	1573	1115	1938	1964	2396	2327	2212	1523	1132	1371	2052	2446	1503	2054	2106	3152	2242	4058
M00433	49	53	93	85	69	91	69	66	93	170	187	144	104	37	74	116	132	41	148	129	207	144	234
M00525	2325	2357	2500	2860	2325	1730	1351	2399	2354	2570	2530	2345	1847	1496	1565	2500	2769	1628	2098	2125	3393	2453	4588
M00526	2233	2216	2386	2727	2205	1631	1261	2234	2245	2422	2367	2215	1720	1386	1447	2333	2580	1535	1970	1983	3182	2261	4306
M00527	2498	2506	2692	3075	2483	1763	1403	2501	2499	2640	2608	2406	1904	1542	1607	2577	2830	1684	2171	2180	3500	2543	4733
M00528	48	30	50	51	42	24	0	10	38	33	33	33	8	3	5	3	37	22	22	34	47	18	52
M00529	706	705	779	879	694	387	416	618	765	629	670	630	417	397	368	520	659	366	784	548	877	659	1116
M00530	558	579	592	714	553	364	298	524	601	573	588	549	366	352	359	447	579	305	556	489	733	477	1019
M00531	252	293	240	257	225	202	123	259	280	226	257	239	151	106	128	203	308	186	198	200	346	218	421
M00532	2604	2565	2407	2972	2303	2131	1788	2939	3173	3098	3006	2855	2576	2200	2308	3431	3328	2066	2480	2624	4129	2895	5608
M00533	140	121	87	120	95	54	55	171	117	88	77	113	102	115	104	116	121	110	70	75	139	93	170
M00534	28	24	24	39	23	12	18	12	55	42	36	29	11	9	7	23	27	7	43	21	47	28	55
M00535	1326	1282	1480	1589	1247	996	706	1227	1269	1566	1489	1406	957	692	811	1243	1570	935	1379	1361	2031	1436	2631
M00537	59	71	51	59	42	83	58	122	107	78	91	99	115	138	118	148	152	82	43	78	123	71	183
M00538	129	134	83	97	67	181	126	295	211	148	164	200	261	321	272	307	292	230	75	169	232	154	328
M00539	224	245	265	265	204	128	53	161	167	161	151	142	102	86	110	130	197	116	101	125	239	118	304
M00540	189	197	187	221	150	220	142	252	328	260	275	285	211	177	199	256	292	184	208	261	433	192	568
M00541	355	395	498	507	388	500	220	174	510	808	748	736	349	194	343	440	667	249	728	697	1072	531	1306
M00542	56	52	67	98	60	37	19	38	58	36	47	41	14	17	26	39	41	17	59	25	49	63	98
M00543	50	39	56	45	57	39	12	36	57	56	55	48	36	20	30	38	43	32	18	38	84	40	100
M00544	21	19	29	33	31	4	0	11	9	13	12	11	2	2	2	3	14	2	5	5	15	1	23
M00545	837	790	661	796	598	648	563	1104	969	696	650	767	987	881	768	1135	1091	720	429	634	1121	530	1576
M00546	1320	1404	1303	1515	1137	1295	738	1563	1259	1605	1439	1643	1215	973	1162	1826	1865	1052	1105	1395	2073	1468	2947
M00547	9	6	13	7	7	2	0	2	3	2	2	4	2	1	1	3	4	3	0	4	4	2	5
M00548	9	6	6	5	7	5	2	40	6	5	7	9	3	17	3	10	19	11	5	6	13	9	10
M00549	1211	1273	1441	1587	1241	1380	841	1296	1553	1862	1829	1778	1282	912	1098	1736	1775	1003	1497	1569	2561	1722	3336
M00550	36	43	49	54	47	43	18	39	33	68	69	63	25	25	20	68	63	39	55	59	81	90	120
M00551	59	57	74	66	54	29	13	37	56	37	33	28	50	18	28	35	44	23	25	32	52	26	75
M00552	884	837	844	1026	812	651	523	1007	1043	931	1025	926	754	585	643	1026	1034	635	920	810	1356	958	1806
M00554	408	400	505	541	388	583	322	495	541	885	868	784	539	393	485	733	777	407	778	765	1171	829	1477
M00555	1032	1018	925	1019	834	805	618	1304	1166	1047	990	997	1006	927	860	1276	1229	919	662	929	1426	677	1930
M00563	367	353	400	420	323	600	889	522	1130	1144	1491	1064	791	552	589	898	694	415	1602	947	1503	1085	2139
M00564	26	27	33	35	24	30	13	33	32	27	34	24	18	11	9	31	34	21	14	14	46	42	73
M00565	1661	1715	1817	2037	1671	1462	904	1803	1588	1846	1799	1761	1467	1346	1345	2009	1852	1383	1398	1605	2440	1724	3384
M00567	569	552	539	574	419	735	1184	733	1405	1292	1669	1273	1137	728	839	1247	854	525	1823	1112	1804	1513	2493
M00568	470	447	418	434	350	343	208	552	423	407	378	421	407	396	304	464	499	305	241	369	628	262	763
M00569	542	563	525	573	461	513	274	846	637	555	505	607	511	445	415	617	704	462	352	487	855	425	1130
M00570	4423	4426	4495	5090	4087	3277	2327	4394	4273	4459	4459	4357	3434	3090	3209	4455	5006	3092	3572	3914	6245	3850	8066
M00572	3700	3644	3712	4140	3330	2818	1718	4004	3637	3669	3577	3716	2782	2382	2411	3819	4212	2636	2735	3196	5375	3109	7011
M00573	523	452	467	564	461	297	201	446	433	397	356	332	231	216	211	323	478	285	301	342	469	368	701
M00575	410	447	365	469	374	334	93	268	377	403	382	417	223	108	149	263	443	232	288	363	567	306	811
M00577	694	633	656	774	645	384	257	572	554	518	464	436	292	279	279	423	637	365	406	454	589	484	882
M00579	438	470	467	539	409	550	318	562	517	657	689	706	472	326	415	676	698	422	417	590	1043	601	1293
M00580	183	184	186	225	170	164	165	173	328	276	271	260	193	88	146	251	238	123	242	205	331	295	469
M00595	406	428	370	490	379	212	58	216	171	279	254	276	162	74	112	145	318	173	239	221	325	146	401
M00596	259	322	371	371	286	258	179	219	363	422	473	380	225	192	212	352	372	220	633	366	542	293	730
M00597	1	0	0	0	0	0	0	3	0	0	0	0	0	0	0	0	0	0	0	0	0	0	0
M00598	0	0	1	1	0	0	0	1	0	0	0	0	0	0	0	0	0	0	0	0	0	0	0
M00608	44	49	53	55	42	39	83	65	83	84	87	69	79	28	54	74	57	26	100	58	98	114	115
M00609	549	555	586	707	579	449	367	569	675	705	663	617	475	342	419	613	654	402	642	572	862	696	1168
M00611	2754	2789	2748	3143	2489	2567	2030	3312	3468	3369	3374	3362	3032	2493	2692	3955	3720	2323	2700	3054	4789	3371	6423
M00612	2753	2789	2744	3140	2487	2567	2030	3314	3467	3363	3369	3360	3032	2493	2692	3953	3717	2322	2699	3052	4779	3367	6415
M00613	4777	4688	5090	5755	4526	3546	2380	4763	4694	5079	5099	4770	3521	2771	3219	4629	5339	3290	4226	4447	6841	4498	8844
M00614	7156	7102	7382	8577	6782	5614	4440	7367	7554	8285	8051	7629	5909	4446	5240	7747	8202	5285	7284	7038	10525	7994	14245
M00615	429	520	453	526	413	312	172	453	431	360	371	362	219	152	195	299	496	290	301	337	506	344	638
M00616	1753	1718	1750	2115	1680	1241	972	1910	1616	1652	1511	1526	1225	1019	1109	1674	1987	1213	1263	1399	2147	1689	3009
M00617	2312	2327	2251	2524	1973	2134	2246	2640	3246	3159	3565	3127	2638	1831	2084	3162	2839	1873	3274	2814	4487	3260	6007
M00618	1328	1363	1410	1561	1249	1131	981	1527	1542	1521	1617	1584	1286	1020	1126	1702	1726	1092	1363	1374	2269	1575	3072
M00620	2851	2717	2951	3491	2759	2208	1996	2697	3454	3714	3579	3209	2451	1645	2070	3158	3224	2003	3572	3018	4523	3600	6079
M00622	412	461	400	430	339	286	93	295	260	362	314	349	205	145	180	252	415	239	217	281	463	234	625
M00623	533	594	582	642	524	193	68	254	286	255	239	227	175	118	143	172	392	175	203	224	372	159	469
M00624	29	29	29	43	20	16	2	12	16	22	21	22	10	6	3	19	16	19	15	20	21	7	39
M00627	96	76	120	136	110	86	44	132	87	109	101	87	50	39	46	99	125	56	73	96	141	106	184
M00630	0	1	0	0	0	1	0	0	0	0	1	1	1	0	0	0	0	1	3	0	1	1	0
M00631	368	395	434	487	411	460	275	599	430	619	659	602	321	264	303	595	607	344	542	496	841	717	1138
M00632	1585	1554	1694	1866	1474	1565	1081	1704	1933	2302	2234	2105	1573	1160	1392	2190	2251	1263	2097	1908	3170	2212	4244
M00633	70	66	73	84	67	91	72	87	165	181	190	133	85	35	57	113	106	62	195	131	193	171	298
M00636	6	7	4	5	8	1	2	19	6	2	4	2	10	11	9	15	8	13	6	2	5	3	5
M00637	94	71	109	113	88	69	15	34	90	93	96	96	41	14	32	48	80	55	60	75	132	42	171
M00638	41	38	44	55	34	20	18	14	64	55	51	49	14	6	11	30	45	11	47	27	70	31	73
M00639	1	1	3	0	2	5	1	3	3	4	3	2	3	5	6	6	2	2	1	3	5	5	11
M00641	106	104	108	126	104	54	24	98	100	60	64	89	27	23	32	37	67	53	54	44	115	63	203
M00642	179	169	261	313	201	262	77	154	187	338	277	349	170	96	149	251	276	131	133	312	432	358	607
M00643	141	127	206	249	159	205	52	119	128	260	210	267	132	67	110	192	214	99	94	242	326	288	485
M00649	7	0	6	3	3	4	6	4	6	5	6	2	3	2	8	9	8	4	2	1	3	5	11
M00651	118	138	116	116	94	53	33	209	77	59	45	65	62	54	59	89	96	94	42	49	83	54	115
M00652	0	1	1	2	4	0	4	1	0	2	0	0	2	0	0	0	1	1	3	0	3	12	2
M00660	56	52	65	97	65	37	17	37	58	34	44	42	14	17	25	39	42	18	55	27	47	59	98
M00664	17	15	17	20	11	30	16	29	11	45	42	39	24	22	32	34	34	26	22	37	46	28	71
M00672	0	0	0	0	0	0	0	0	1	0	0	0	0	0	0	0	0	0	0	0	2	0	1
M00673	80	87	91	110	94	91	23	95	64	127	133	126	71	33	60	101	114	62	111	127	171	122	207
M00674	2	2	7	7	3	0	0	1	0	2	2	0	0	0	0	0	0	3	1	3	4	2	1
M00675	0	0	0	0	0	0	0	0	0	0	0	0	1	0	0	0	0	0	0	0	0	1	0
M00696	304	310	296	371	299	250	74	219	298	332	313	326	177	87	121	206	340	175	243	288	447	295	591
M00697	317	327	307	386	308	259	77	236	305	340	320	332	187	97	125	214	346	190	243	292	455	296	596
M00698	77	88	106	134	100	39	27	83	71	46	47	59	23	22	19	45	77	51	25	44	73	78	103
M00700	2	3	1	1	2	2	4	7	1	2	0	0	4	1	3	1	2	0	1	2	2	8	1
M00702	5	4	3	2	3	2	3	34	10	0	1	1	1	2	1	1	3	1	0	0	2	3	2
M00704	0	0	1	1	0	1	4	4	1	1	2	2	10	2	5	8	2	3	0	2	4	26	3
M00714	15	24	9	9	8	19	16	32	22	13	19	13	29	52	40	44	33	20	9	14	27	6	31
M00718	851	877	1056	1299	1012	657	241	710	723	906	791	871	440	228	376	617	797	435	490	741	1086	911	1550
M00725	11	15	18	25	8	9	9	10	9	11	18	8	3	4	11	13	11	3	14	5	24	18	30
M00726	58	57	69	94	78	20	18	95	62	31	30	29	25	18	27	38	37	28	22	24	32	26	64
M00736	14	16	6	14	6	16	16	18	23	5	16	17	23	34	32	33	35	18	7	9	27	9	23
M00740	2616	2623	2844	3239	2530	1978	1552	2546	2790	2993	2847	2668	2044	1609	1845	2699	2941	1916	2623	2473	3674	2685	4908
M00741	1843	1779	1747	2051	1564	1447	1219	2103	2175	2104	2167	1949	1700	1449	1512	2273	2353	1493	1782	1911	2994	1736	3805
M00744	35	37	43	59	37	27	8	42	43	29	31	26	16	10	12	17	30	22	15	21	39	32	41
M00745	139	178	220	235	190	192	86	182	162	231	191	230	118	101	140	210	256	121	154	195	281	263	404
M00761	94	95	111	159	120	52	38	57	102	91	100	84	28	24	37	59	68	31	77	72	146	70	160
M00763	139	116	143	169	148	115	223	59	381	325	305	178	150	70	109	212	225	91	342	224	294	255	398
M00769	7	9	14	8	11	12	1	10	14	24	5	16	5	3	5	10	15	6	8	8	18	8	18
M00773	3	0	4	2	2	11	2	7	13	8	4	4	1	1	2	7	9	5	6	3	9	5	9
M00774	1	1	0	2	1	2	1	2	6	1	0	3	2	1	1	5	1	2	1	1	1	1	3
M00775	0	0	1	0	0	4	0	9	12	3	1	4	2	15	7	12	8	4	2	1	0	0	4
M00776	2	6	1	1	0	5	0	10	13	5	1	2	5	3	3	7	1	5	1	2	5	0	3
M00777	1	1	0	0	0	4	0	11	11	2	2	3	3	11	13	8	1	5	1	1	0	0	1
M00778	70	60	54	64	56	64	68	108	98	56	55	67	96	130	108	114	99	57	49	74	100	55	126
M00779	12	10	10	4	9	12	8	12	17	13	10	9	7	7	8	9	10	3	13	8	20	15	21
M00780	7	11	5	3	2	6	9	12	15	8	5	6	11	7	10	13	2	8	4	6	10	5	11
M00781	7	4	7	4	4	2	4	11	2	3	2	5	7	11	6	4	6	3	1	3	5	1	6
M00782	2	2	0	1	2	2	3	1	0	1	2	2	4	4	1	3	4	2	2	1	2	1	1
M00783	14	20	12	20	13	9	8	20	18	15	11	8	17	14	17	15	8	12	5	13	13	12	29
M00784	4	4	6	10	5	11	1	5	2	5	6	4	1	4	5	5	7	1	7	3	15	7	12
M00785	8	7	11	10	8	0	3	19	8	1	1	1	1	3	1	2	2	4	0	0	0	0	4
M00786	0	0	0	0	0	0	0	0	0	0	0	0	0	0	0	1	0	0	1	0	0	2	0
M00787	57	46	41	47	37	26	6	23	40	26	38	29	28	15	17	27	42	20	26	23	63	22	63
M00789	18	28	32	29	24	3	16	65	113	0	0	1	1	3	5	3	10	9	2	3	2	26	1
M00790	29	46	56	58	40	25	17	86	133	37	25	36	10	12	17	13	39	29	15	29	39	43	55
M00793	1180	1234	1371	1592	1176	1080	768	1191	1312	1495	1436	1332	867	648	749	1234	1431	783	1301	1147	2141	1567	2796
M00795	3	2	1	4	3	3	1	1	3	4	1	4	1	1	0	8	7	0	1	2	5	7	5
M00796	8	9	6	13	8	6	22	9	47	22	24	11	11	6	6	23	14	6	25	14	35	32	51
M00797	37	39	31	48	24	21	42	41	88	56	49	33	36	30	38	61	50	20	50	30	75	43	106
M00798	10	14	12	14	13	6	8	10	12	8	8	8	9	7	6	6	11	4	13	8	14	14	21
M00799	6	7	2	6	3	2	4	6	7	2	1	5	5	6	4	4	6	1	1	5	5	10	6
M00800	4	9	8	8	2	2	2	9	6	4	3	4	3	1	3	3	7	1	2	2	6	9	7
M00801	0	2	2	1	3	1	2	8	3	1	2	1	4	9	1	5	3	1	0	2	1	8	2
M00802	8	5	7	6	3	3	17	7	30	16	12	10	8	8	6	17	12	7	20	10	29	24	28
M00803	5	13	8	12	6	6	11	11	24	12	16	7	6	3	2	11	9	2	9	11	14	18	25
M00804	356	343	344	406	337	162	208	306	368	258	280	273	221	227	208	232	313	164	287	244	361	235	496
M00810	139	126	94	106	77	97	62	153	101	78	57	85	138	128	113	146	137	103	40	85	128	32	158
M00811	5	3	1	4	8	1	0	5	1	0	2	1	1	1	2	1	3	3	0	3	0	2	3
M00819	13	10	7	13	7	16	24	40	51	17	17	16	37	28	31	37	24	23	13	12	33	11	50
M00823	18	29	29	32	18	28	10	33	35	45	30	41	20	16	22	23	31	28	17	32	47	22	65
M00824	4	10	6	13	4	37	28	23	48	27	29	40	45	77	55	96	86	25	10	25	62	18	85
M00825	4	10	6	13	4	37	28	23	48	27	29	40	45	77	55	96	86	25	10	25	62	18	85
M00827	8	6	10	14	8	11	6	12	5	5	3	9	16	20	18	20	16	8	1	5	5	2	8
M00829	0	0	0	0	0	0	1	2	3	1	0	1	0	4	2	0	0	0	1	0	1	0	0
M00832	8	6	10	14	8	11	6	12	5	5	3	9	16	20	18	20	16	8	1	5	5	2	8
M00835	139	146	146	166	109	146	85	164	185	201	190	186	155	117	127	196	192	118	129	191	266	177	351
M00840	545	554	506	586	491	342	263	499	472	452	463	463	344	274	333	451	534	322	336	422	688	467	858
M00841	552	565	622	666	554	382	329	593	532	594	591	569	423	337	378	586	584	377	490	538	792	544	1077
M00842	482	481	566	639	506	451	302	448	433	632	616	588	387	279	339	549	610	306	584	551	812	599	1059
M00843	482	481	566	639	506	451	302	448	433	632	616	588	387	279	339	549	610	306	584	551	812	599	1059
M00844	1101	1080	1180	1269	1040	877	762	1198	1242	1294	1319	1197	1031	755	895	1320	1340	819	1089	1152	1740	1323	2295
M00845	1562	1582	1762	1907	1555	1173	877	1545	1698	1747	1783	1632	1198	834	1046	1617	1754	1041	1488	1513	2328	1835	3097
M00846	2226	2115	2421	2765	2167	1925	1323	2382	2473	2918	2885	2728	1952	1541	1722	2612	2898	1730	2407	2500	3920	2614	5094
M00848	281	296	336	359	290	250	134	279	288	309	311	328	207	145	171	278	361	209	246	265	471	323	592
M00849	1715	1661	1574	1847	1416	1198	1492	1761	2530	1971	1982	1710	1719	1360	1410	2221	2055	1340	1857	1637	2499	1610	3416
M00850	1	1	2	1	0	0	0	0	0	0	0	0	0	0	0	0	2	1	0	1	0	0	0
M00851	1	1	1	2	3	0	1	0	1	0	0	0	0	0	0	0	1	0	0	0	0	0	0
M00852	0	0	0	0	0	0	1	0	0	0	0	0	0	0	0	0	0	0	0	0	0	0	0
M00854	1356	1378	1509	1699	1349	1348	911	1482	1511	1797	1833	1669	1360	1196	1231	1801	1737	1156	1494	1578	2433	1716	3257
M00855	2095	2041	2371	2556	2005	2903	1541	2537	2691	3503	3576	3566	2484	2087	2366	3424	3233	1952	2286	3246	4863	3286	6507
M00859	0	1	0	0	0	0	0	1	0	0	0	0	0	0	0	0	0	0	0	0	0	0	0
M00860	151	165	178	169	163	192	187	178	323	265	272	275	269	234	240	303	352	133	234	226	434	259	519
M00861	44	31	25	37	21	11	12	45	14	22	21	19	14	14	13	28	21	12	16	16	26	14	36
M00862	33	20	23	32	19	8	9	12	10	19	20	17	9	7	7	17	15	9	13	14	25	14	29
M00866	1852	1759	2172	2495	1950	1448	683	1449	1587	2264	2290	2171	1037	663	987	1544	2072	1046	1852	1849	2970	2192	3855
M00867	4	6	5	8	6	1	0	1	4	1	1	2	1	1	1	1	2	3	0	0	0	1	2
M00868	1656	1661	1904	2073	1656	1475	956	1716	1733	2114	2260	2007	1446	1055	1243	1961	2176	1282	1907	1797	2977	2086	3945
M00872	1	1	0	0	1	2	1	0	0	1	0	1	0	0	2	0	1	0	3	1	0	1	1
M00873	947	987	1102	1134	909	619	410	1009	823	839	870	831	625	467	548	819	898	580	724	711	1161	790	1607
M00874	3284	3235	3328	3666	2890	2509	1645	3694	3303	3345	3277	3331	2616	2259	2295	3608	3830	2416	2555	2855	4898	2895	6366
M00877	0	0	0	0	0	1	0	0	0	0	1	0	0	0	0	0	0	0	0	0	0	0	0
M00878	2327	2227	2098	2552	1958	1661	1468	2778	2774	2214	2162	2247	2275	2026	1898	2985	2778	1835	1803	1974	3376	1769	4398
M00879	35	44	43	55	53	5	0	23	16	13	10	10	4	3	0	3	12	8	5	6	14	9	18
M00880	1121	1130	1159	1323	1059	835	756	1173	1281	1295	1313	1217	941	674	806	1232	1274	757	1114	1068	1655	1164	2350
M00881	473	459	519	607	435	352	303	480	559	557	536	499	364	264	307	497	538	289	497	445	775	511	987
M00882	277	272	314	361	274	206	199	297	326	341	310	307	208	162	205	305	319	183	305	274	466	313	584
M00883	277	273	315	361	275	206	202	305	326	342	310	307	209	162	206	305	319	183	305	274	467	314	584
M00884	277	272	314	361	274	206	199	297	326	341	310	307	208	162	205	305	319	183	305	274	466	313	584
M00892	1509	1491	1635	1902	1442	1397	903	1586	1564	1969	1917	1828	1348	932	1194	1850	1949	1153	1642	1668	2533	1822	3460
M00895	1517	1565	1804	1978	1640	1337	889	1507	1698	2030	1969	1844	1352	989	1186	1757	2070	1105	1596	1741	2742	1812	3516
M00896	1023	1049	1201	1337	1104	819	532	935	1019	1272	1238	1180	774	535	680	1052	1237	673	1018	1108	1732	1142	2208
M00897	352	373	477	483	414	262	149	308	289	387	373	379	227	124	207	290	396	213	336	367	506	368	640
M00898	20	21	20	31	26	6	20	23	19	13	6	6	11	7	21	11	9	6	18	10	12	24	10
M00899	515	513	539	646	529	406	272	479	506	632	636	595	397	278	347	527	613	339	488	545	891	552	1114
M00902	0	0	0	0	0	0	0	0	0	0	0	0	0	0	0	0	0	0	0	0	0	0	1
M00903	47	43	46	65	43	17	3	19	39	21	21	25	9	4	2	13	30	11	11	17	33	6	39
M00905	0	0	1	2	1	1	8	2	18	4	8	2	3	2	0	7	4	3	8	5	6	9	8
M00909	2576	2549	2683	3142	2425	2218	1481	2665	2724	3209	3203	2932	2115	1566	1929	2858	3132	1898	2716	2716	4174	3041	5621
M00910	4	6	8	8	4	1	1	2	3	3	6	2	3	3	1	1	0	1	4	1	2	4	4
M00911	455	479	531	585	450	364	324	458	607	632	593	560	396	293	346	548	586	320	489	528	767	632	1049
M00912	1511	1502	1619	1837	1449	1147	722	1524	1464	1586	1488	1505	1101	874	1039	1435	1676	1002	1212	1405	2085	1382	2847
M00913	1878	1942	1969	2201	1742	1598	990	2193	2021	2116	2013	2117	1642	1388	1477	2244	2400	1437	1572	1992	2916	1817	3988
M00914	1165	1163	1236	1362	1052	854	636	1134	1257	1296	1252	1244	843	677	759	1177	1329	755	1000	1161	1712	1133	2235
M00916	234	249	266	294	257	268	229	303	342	376	409	395	326	243	270	404	397	255	326	331	520	376	707
M00917	39	32	33	36	26	15	27	16	32	18	19	16	22	13	13	34	23	16	21	16	29	13	38
M00918	0	2	1	1	0	0	1	4	9	0	1	1	5	0	4	3	3	0	0	0	0	1	0
M00919	20	21	28	29	16	16	6	22	30	19	17	23	16	7	10	15	19	16	14	16	13	10	34
M00921	47	53	39	39	36	46	129	104	190	91	99	68	126	118	114	176	115	68	113	57	125	88	182
M00922	133	110	166	197	155	88	48	113	90	147	120	131	52	31	40	73	140	60	115	120	182	172	213
M00923	64	50	86	81	78	47	13	50	27	77	61	61	19	14	16	23	63	39	54	56	86	57	100
M00924	983	937	923	1047	870	728	532	1020	1121	1084	1083	1056	845	693	659	1042	1228	813	895	928	1513	879	2013
M00925	980	963	815	946	784	726	443	1069	1114	1028	1027	1042	813	688	637	1006	1231	827	792	874	1436	711	1940
M00926	2603	2546	2987	3280	2565	2375	1741	2831	2998	3638	3729	3370	2511	1921	2194	3436	3576	2121	3266	3068	5014	3503	6611
M00929	0	0	0	0	0	0	0	0	0	0	1	0	0	0	0	0	0	0	0	0	0	0	0
M00930	596	589	803	843	681	600	226	594	394	904	872	868	400	218	368	637	832	427	782	752	1197	935	1495
M00931	488	501	701	709	585	485	172	447	326	723	704	704	309	140	273	476	666	343	643	603	957	784	1187
M00932	390	387	286	390	288	344	510	718	669	490	498	439	607	620	571	814	673	438	394	442	779	463	1063
M00933	0	0	0	0	1	2	1	0	0	1	1	1	0	0	1	2	5	0	1	2	3	2	2
M00935	24	16	10	17	11	9	69	37	71	16	46	16	55	39	31	39	9	12	44	21	30	73	54
M00936	177	177	183	211	173	151	72	219	150	200	209	188	125	95	107	177	224	141	163	173	315	177	386
