UniqueID	3300017993	3300017994	3300017930	3300017936	3300017927	3300017822	3300017821	3300017937	3300018001	3300018006	3300017823	3300017995	3300017932	3300017926	3300017928	3300017942	3300018007	3300017924	3300017934	3300017933	3300017943	3300018012	3300017955
GroupID	Timberlake_Field	Timberlake_Field	Timberlake_Field	Timberlake_Field	Timberlake_Field	Timberlake_Lab	Timberlake_Lab	Timberlake_Lab	Timberlake_Lab	Timberlake_Lab	Timberlake_Lab	Timberlake_Lab	Timberlake_Lab	Timberlake_Lab	Timberlake_Lab	Timberlake_Lab	Timberlake_Lab	Timberlake_Lab	Timberlake_Lab	Timberlake_Lab	Timberlake_Lab	Timberlake_Lab	Timberlake_Lab
A	93	105	96	121	85	89	104	109	189	157	146	117	140	128	116	157	160	92	180	103	207	118	257
B	379	408	403	456	360	277	364	389	582	458	488	382	414	331	343	529	481	300	513	387	587	433	826
C	75877	77020	78164	88602	69734	65726	46563	79740	84308	88869	87923	85904	67383	52631	58885	87667	93979	57641	73724	77569	120148	78363	159720
D	8818	8776	9569	10896	8753	6959	5438	9410	9213	9829	9646	9282	7000	5745	6428	9477	10269	6140	8393	8213	13120	9736	17591
E	93475	93989	94128	107967	85338	71293	52228	100713	100086	97911	97646	93882	76229	62065	67783	100941	107992	67527	81191	84874	134382	87277	178286
F	20895	20777	21921	25201	19714	16461	13515	22337	23333	24039	23810	22297	17815	14334	15934	24018	25191	15222	21014	20254	31912	23849	42393
G	55036	55488	55582	63723	50101	50095	36375	68027	60819	63156	62641	62504	52654	43121	45896	71833	70714	45921	50869	55187	88783	62719	119738
H	49676	49403	50416	57456	44994	39978	31665	54342	57202	54783	54615	52771	44852	37405	38989	59203	61267	36966	44438	47746	77836	49202	102042
I	53651	52903	52492	60695	46587	45111	32259	61518	61158	57874	56412	57983	50247	42874	43745	65861	67327	42682	42923	51790	83511	48424	110321
J	52840	52221	56516	65169	51420	39064	33784	53933	59479	58669	59083	54426	41965	32385	37335	56756	59999	36658	53441	49054	77382	58082	102870
K	45408	46412	45327	52193	40790	45732	36578	64137	57631	55008	54338	55268	53970	48754	47455	71192	67203	42918	44279	50041	80298	53623	106582
L	35078	35265	35807	41437	32742	31308	26166	40110	42473	42816	43147	41158	35711	29292	31362	46095	46135	27705	36950	37113	61788	41336	81227
M	56221	56600	63966	72879	56758	51041	30239	56443	57957	68817	67632	66582	43391	32474	38783	60344	71017	38936	57138	58031	97158	65913	126735
N	11639	11806	13901	15967	12924	9657	5806	11985	10561	13883	13383	13401	7116	4740	6519	10484	13807	7825	11134	11503	18120	15689	24753
O	40432	41183	44002	50036	39305	36300	24408	42254	44322	49459	48589	47523	35081	26511	30546	46506	50941	30437	41126	42327	67824	44878	88865
P	48304	49563	50027	57619	45103	38705	28676	53181	53811	51349	50363	49507	40976	32908	35762	53524	56660	35221	41957	44335	70807	47697	93292
Q	33085	32652	32232	37472	28877	29170	19632	38450	38673	34607	33926	35783	31403	27370	27435	41902	43262	26696	24697	31105	52143	28695	68702
R	102515	102762	105506	120847	93198	97655	68108	117817	123036	124576	124460	122969	102760	83315	88228	135492	137695	82696	101796	108886	182267	111179	238064
S	36343	37330	37554	43064	33241	34083	23566	42386	43249	43306	42730	42790	35223	27216	29573	44931	47251	28501	35054	37960	62639	38446	81616
T	62429	63967	68209	77996	61089	60612	35135	68473	61980	77737	74088	77039	54917	41721	48980	73436	80675	49256	58435	67901	106770	71424	141897
U	14473	14390	17118	19280	15398	12899	6751	13103	13801	18283	18000	17257	9961	6681	8958	14083	17227	9843	15238	15082	24742	17879	32526
V	25989	26082	28967	32910	25583	28219	17347	29205	31569	37402	36774	36133	26316	19832	23201	35770	39143	21162	31224	31674	52506	35209	68938
W	6684	6829	8266	9289	7556	5307	2382	5236	5464	7776	7667	7246	3491	2090	3158	5171	7083	3864	6698	6365	10622	7222	13853
X	10921	11668	9862	10385	7933	20564	12358	14519	19792	23607	23340	24215	21597	16559	17832	24591	22374	14492	18104	22115	34659	17077	44282
Z	413	414	505	548	426	398	258	343	489	603	580	499	356	181	286	460	554	271	512	498	812	625	997
